-1 -1
-1 -10
-1 -11
-1 -12
-1 -13
-1 -14
-1 -15
-1 -16
-1 -17
-1 -18
-1 -19
-1 -2
-1 -20
-1 -21
-1 -22
-1 -23
-1 -24
-1 -3
-1 -4
-1 -5
-1 -55
-1 -56
-1 -57
-1 -58
-1 -59
-1 -6
-1 -60
-1 -61
-1 -62
-1 -63
-1 -64
-1 -65
-1 -7
-1 -8
-1 -9
-1 0
-1 1
-1 10
-1 11
-1 12
-1 13
-1 14
-1 15
-1 16
-1 17
-1 18
-1 19
-1 2
-1 20
-1 21
-1 22
-1 23
-1 24
-1 25
-1 26
-1 3
-1 4
-1 5
-1 6
-1 7
-1 8
-1 9
-10 -1
-10 -10
-10 -11
-10 -12
-10 -13
-10 -14
-10 -15
-10 -16
-10 -17
-10 -18
-10 -19
-10 -2
-10 -20
-10 -21
-10 -22
-10 -23
-10 -24
-10 -3
-10 -4
-10 -5
-10 -55
-10 -56
-10 -57
-10 -58
-10 -59
-10 -6
-10 -60
-10 -61
-10 -62
-10 -63
-10 -64
-10 -65
-10 -66
-10 -67
-10 -68
-10 -69
-10 -7
-10 -70
-10 -71
-10 -72
-10 -73
-10 -8
-10 -9
-10 0
-10 1
-10 10
-10 11
-10 12
-10 13
-10 14
-10 15
-10 2
-10 3
-10 4
-10 5
-10 6
-10 7
-10 8
-10 9
-11 -1
-11 -10
-11 -11
-11 -12
-11 -13
-11 -14
-11 -15
-11 -16
-11 -17
-11 -18
-11 -19
-11 -2
-11 -20
-11 -21
-11 -22
-11 -23
-11 -24
-11 -3
-11 -4
-11 -5
-11 -55
-11 -56
-11 -57
-11 -58
-11 -59
-11 -6
-11 -60
-11 -61
-11 -62
-11 -63
-11 -64
-11 -65
-11 -66
-11 -67
-11 -68
-11 -69
-11 -7
-11 -70
-11 -71
-11 -72
-11 -73
-11 -8
-11 -9
-11 0
-11 1
-11 10
-11 11
-11 12
-11 13
-11 14
-11 2
-11 3
-11 4
-11 5
-11 6
-11 7
-11 8
-11 9
-12 -1
-12 -10
-12 -11
-12 -12
-12 -13
-12 -14
-12 -15
-12 -16
-12 -17
-12 -18
-12 -19
-12 -2
-12 -20
-12 -21
-12 -22
-12 -23
-12 -24
-12 -3
-12 -4
-12 -5
-12 -55
-12 -56
-12 -57
-12 -58
-12 -59
-12 -6
-12 -60
-12 -61
-12 -62
-12 -63
-12 -64
-12 -65
-12 -66
-12 -67
-12 -68
-12 -69
-12 -7
-12 -70
-12 -71
-12 -72
-12 -8
-12 -9
-12 0
-12 1
-12 10
-12 11
-12 12
-12 13
-12 14
-12 2
-12 3
-12 4
-12 5
-12 6
-12 7
-12 8
-12 9
-13 -1
-13 -10
-13 -11
-13 -12
-13 -13
-13 -14
-13 -15
-13 -16
-13 -17
-13 -18
-13 -19
-13 -2
-13 -20
-13 -21
-13 -22
-13 -23
-13 -24
-13 -3
-13 -4
-13 -5
-13 -55
-13 -56
-13 -57
-13 -58
-13 -59
-13 -6
-13 -60
-13 -61
-13 -62
-13 -63
-13 -64
-13 -65
-13 -66
-13 -67
-13 -68
-13 -69
-13 -7
-13 -70
-13 -71
-13 -72
-13 -8
-13 -9
-13 0
-13 1
-13 10
-13 11
-13 12
-13 2
-13 3
-13 4
-13 5
-13 6
-13 7
-13 8
-13 9
-14 -1
-14 -10
-14 -11
-14 -12
-14 -13
-14 -14
-14 -15
-14 -16
-14 -17
-14 -18
-14 -19
-14 -2
-14 -20
-14 -21
-14 -22
-14 -23
-14 -24
-14 -25
-14 -3
-14 -4
-14 -5
-14 -55
-14 -56
-14 -57
-14 -58
-14 -59
-14 -6
-14 -60
-14 -61
-14 -62
-14 -63
-14 -64
-14 -65
-14 -66
-14 -67
-14 -68
-14 -69
-14 -7
-14 -70
-14 -71
-14 -8
-14 -9
-14 0
-14 1
-14 2
-14 3
-14 4
-14 5
-14 6
-14 7
-15 -1
-15 -10
-15 -11
-15 -12
-15 -13
-15 -14
-15 -15
-15 -16
-15 -17
-15 -18
-15 -19
-15 -2
-15 -20
-15 -21
-15 -22
-15 -23
-15 -24
-15 -25
-15 -26
-15 -3
-15 -4
-15 -5
-15 -55
-15 -56
-15 -57
-15 -58
-15 -59
-15 -6
-15 -60
-15 -61
-15 -62
-15 -63
-15 -64
-15 -65
-15 -66
-15 -67
-15 -68
-15 -69
-15 -7
-15 -70
-15 -8
-15 -9
-15 0
-15 1
-15 2
-15 3
-15 4
-15 5
-15 6
-15 7
-16 -1
-16 -10
-16 -11
-16 -12
-16 -13
-16 -14
-16 -15
-16 -16
-16 -17
-16 -18
-16 -19
-16 -2
-16 -20
-16 -21
-16 -22
-16 -23
-16 -24
-16 -25
-16 -26
-16 -27
-16 -3
-16 -4
-16 -5
-16 -54
-16 -55
-16 -56
-16 -57
-16 -58
-16 -59
-16 -6
-16 -60
-16 -61
-16 -62
-16 -63
-16 -64
-16 -65
-16 -66
-16 -67
-16 -68
-16 -7
-16 -8
-16 -9
-16 0
-16 1
-16 2
-16 3
-16 4
-16 5
-16 6
-17 -1
-17 -10
-17 -11
-17 -12
-17 -13
-17 -14
-17 -15
-17 -16
-17 -17
-17 -18
-17 -19
-17 -2
-17 -20
-17 -21
-17 -22
-17 -23
-17 -24
-17 -25
-17 -26
-17 -27
-17 -28
-17 -3
-17 -4
-17 -5
-17 -54
-17 -55
-17 -56
-17 -57
-17 -58
-17 -59
-17 -6
-17 -60
-17 -61
-17 -62
-17 -63
-17 -64
-17 -65
-17 -7
-17 -8
-17 -9
-17 0
-17 1
-17 2
-17 3
-17 4
-17 5
-17 6
-18 -1
-18 -10
-18 -11
-18 -12
-18 -13
-18 -14
-18 -15
-18 -16
-18 -17
-18 -18
-18 -19
-18 -2
-18 -20
-18 -21
-18 -22
-18 -23
-18 -24
-18 -25
-18 -26
-18 -27
-18 -28
-18 -29
-18 -3
-18 -4
-18 -5
-18 -54
-18 -55
-18 -56
-18 -57
-18 -58
-18 -59
-18 -6
-18 -60
-18 -61
-18 -62
-18 -63
-18 -64
-18 -65
-18 -7
-18 -8
-18 -81
-18 -82
-18 -83
-18 -84
-18 -85
-18 -9
-18 0
-18 1
-18 2
-18 3
-18 4
-19 -1
-19 -10
-19 -11
-19 -12
-19 -13
-19 -14
-19 -15
-19 -16
-19 -17
-19 -18
-19 -19
-19 -2
-19 -20
-19 -21
-19 -22
-19 -23
-19 -24
-19 -25
-19 -26
-19 -27
-19 -28
-19 -29
-19 -3
-19 -30
-19 -4
-19 -5
-19 -54
-19 -55
-19 -56
-19 -57
-19 -58
-19 -59
-19 -6
-19 -60
-19 -61
-19 -62
-19 -63
-19 -64
-19 -65
-19 -7
-19 -79
-19 -8
-19 -80
-19 -81
-19 -82
-19 -83
-19 -84
-19 -85
-19 -86
-19 -87
-19 -9
-19 0
-2 -1
-2 -10
-2 -11
-2 -12
-2 -13
-2 -14
-2 -15
-2 -16
-2 -17
-2 -18
-2 -19
-2 -2
-2 -20
-2 -21
-2 -22
-2 -23
-2 -24
-2 -3
-2 -4
-2 -5
-2 -55
-2 -56
-2 -57
-2 -58
-2 -59
-2 -6
-2 -60
-2 -61
-2 -62
-2 -63
-2 -64
-2 -65
-2 -7
-2 -8
-2 -9
-2 0
-2 1
-2 10
-2 11
-2 12
-2 13
-2 14
-2 15
-2 16
-2 17
-2 18
-2 19
-2 2
-2 20
-2 21
-2 22
-2 23
-2 24
-2 25
-2 3
-2 4
-2 5
-2 6
-2 7
-2 8
-2 9
-20 -1
-20 -10
-20 -11
-20 -12
-20 -13
-20 -14
-20 -15
-20 -16
-20 -17
-20 -18
-20 -19
-20 -2
-20 -20
-20 -21
-20 -22
-20 -23
-20 -24
-20 -25
-20 -26
-20 -27
-20 -28
-20 -29
-20 -3
-20 -30
-20 -4
-20 -5
-20 -54
-20 -55
-20 -56
-20 -57
-20 -58
-20 -59
-20 -6
-20 -60
-20 -61
-20 -62
-20 -63
-20 -64
-20 -65
-20 -7
-20 -79
-20 -8
-20 -80
-20 -81
-20 -82
-20 -83
-20 -84
-20 -85
-20 -86
-20 -87
-20 -9
-20 0
-21 -1
-21 -10
-21 -11
-21 -12
-21 -13
-21 -14
-21 -15
-21 -16
-21 -17
-21 -18
-21 -19
-21 -2
-21 -20
-21 -21
-21 -22
-21 -23
-21 -24
-21 -25
-21 -26
-21 -27
-21 -28
-21 -29
-21 -3
-21 -30
-21 -31
-21 -4
-21 -5
-21 -54
-21 -55
-21 -56
-21 -57
-21 -58
-21 -59
-21 -6
-21 -60
-21 -61
-21 -62
-21 -63
-21 -64
-21 -65
-21 -7
-21 -78
-21 -79
-21 -8
-21 -80
-21 -81
-21 -82
-21 -83
-21 -84
-21 -85
-21 -86
-21 -87
-21 -88
-21 -9
-21 0
-22 -1
-22 -10
-22 -11
-22 -12
-22 -13
-22 -14
-22 -15
-22 -16
-22 -17
-22 -18
-22 -19
-22 -2
-22 -20
-22 -21
-22 -22
-22 -23
-22 -24
-22 -25
-22 -26
-22 -27
-22 -28
-22 -29
-22 -3
-22 -30
-22 -31
-22 -4
-22 -5
-22 -53
-22 -54
-22 -55
-22 -56
-22 -57
-22 -58
-22 -59
-22 -6
-22 -60
-22 -61
-22 -62
-22 -63
-22 -64
-22 -65
-22 -7
-22 -78
-22 -79
-22 -8
-22 -80
-22 -81
-22 -82
-22 -83
-22 -84
-22 -85
-22 -86
-22 -87
-22 -88
-22 -9
-22 0
-22 1
-22 2
-23 -1
-23 -10
-23 -11
-23 -12
-23 -13
-23 -14
-23 -15
-23 -16
-23 -17
-23 -18
-23 -19
-23 -2
-23 -20
-23 -21
-23 -22
-23 -23
-23 -24
-23 -25
-23 -26
-23 -27
-23 -28
-23 -29
-23 -3
-23 -30
-23 -31
-23 -4
-23 -5
-23 -52
-23 -53
-23 -54
-23 -55
-23 -56
-23 -57
-23 -58
-23 -59
-23 -6
-23 -60
-23 -61
-23 -62
-23 -63
-23 -64
-23 -65
-23 -7
-23 -78
-23 -79
-23 -8
-23 -80
-23 -81
-23 -82
-23 -83
-23 -84
-23 -85
-23 -86
-23 -87
-23 -88
-23 -9
-23 0
-23 1
-23 2
-23 3
-23 4
-24 -1
-24 -10
-24 -11
-24 -12
-24 -13
-24 -14
-24 -15
-24 -16
-24 -17
-24 -18
-24 -19
-24 -2
-24 -20
-24 -21
-24 -22
-24 -23
-24 -24
-24 -25
-24 -26
-24 -27
-24 -28
-24 -29
-24 -3
-24 -30
-24 -31
-24 -4
-24 -5
-24 -50
-24 -51
-24 -52
-24 -53
-24 -54
-24 -55
-24 -56
-24 -57
-24 -58
-24 -59
-24 -6
-24 -60
-24 -61
-24 -62
-24 -63
-24 -64
-24 -65
-24 -7
-24 -78
-24 -79
-24 -8
-24 -80
-24 -81
-24 -82
-24 -83
-24 -84
-24 -85
-24 -86
-24 -87
-24 -88
-24 -9
-24 0
-24 1
-24 2
-24 3
-24 4
-25 -1
-25 -10
-25 -11
-25 -12
-25 -13
-25 -14
-25 -15
-25 -16
-25 -17
-25 -18
-25 -19
-25 -2
-25 -20
-25 -21
-25 -22
-25 -23
-25 -24
-25 -25
-25 -26
-25 -27
-25 -28
-25 -29
-25 -3
-25 -30
-25 -31
-25 -4
-25 -5
-25 -50
-25 -51
-25 -52
-25 -53
-25 -54
-25 -55
-25 -56
-25 -57
-25 -58
-25 -59
-25 -6
-25 -60
-25 -61
-25 -62
-25 -63
-25 -64
-25 -65
-25 -7
-25 -78
-25 -79
-25 -8
-25 -80
-25 -81
-25 -82
-25 -83
-25 -84
-25 -85
-25 -86
-25 -87
-25 -88
-25 -9
-25 0
-25 1
-25 10
-25 2
-25 3
-25 4
-25 5
-25 6
-25 7
-25 8
-25 9
-26 -1
-26 -10
-26 -11
-26 -12
-26 -13
-26 -14
-26 -15
-26 -16
-26 -17
-26 -18
-26 -19
-26 -2
-26 -20
-26 -21
-26 -22
-26 -23
-26 -24
-26 -25
-26 -26
-26 -27
-26 -28
-26 -29
-26 -3
-26 -30
-26 -4
-26 -49
-26 -5
-26 -50
-26 -51
-26 -52
-26 -53
-26 -54
-26 -56
-26 -57
-26 -58
-26 -59
-26 -6
-26 -60
-26 -61
-26 -62
-26 -63
-26 -64
-26 -67
-26 -68
-26 -69
-26 -7
-26 -70
-26 -71
-26 -78
-26 -79
-26 -8
-26 -80
-26 -81
-26 -82
-26 -83
-26 -84
-26 -85
-26 -86
-26 -87
-26 -88
-26 -89
-26 -9
-26 0
-26 1
-26 10
-26 11
-26 12
-26 2
-26 3
-26 4
-26 5
-26 6
-26 7
-26 8
-26 9
-27 -1
-27 -10
-27 -11
-27 -12
-27 -13
-27 -14
-27 -15
-27 -16
-27 -17
-27 -18
-27 -19
-27 -2
-27 -20
-27 -21
-27 -22
-27 -23
-27 -24
-27 -25
-27 -26
-27 -27
-27 -28
-27 -29
-27 -3
-27 -30
-27 -4
-27 -48
-27 -49
-27 -5
-27 -50
-27 -51
-27 -52
-27 -53
-27 -56
-27 -57
-27 -58
-27 -59
-27 -6
-27 -60
-27 -61
-27 -62
-27 -63
-27 -64
-27 -65
-27 -66
-27 -67
-27 -68
-27 -69
-27 -7
-27 -70
-27 -71
-27 -72
-27 -73
-27 -78
-27 -79
-27 -8
-27 -80
-27 -81
-27 -82
-27 -83
-27 -84
-27 -85
-27 -86
-27 -87
-27 -88
-27 -89
-27 -9
-27 0
-27 1
-27 10
-27 11
-27 12
-27 2
-27 3
-27 4
-27 5
-27 6
-27 7
-27 8
-27 9
-28 -1
-28 -10
-28 -11
-28 -12
-28 -13
-28 -14
-28 -15
-28 -16
-28 -17
-28 -18
-28 -19
-28 -2
-28 -20
-28 -21
-28 -22
-28 -23
-28 -24
-28 -25
-28 -26
-28 -27
-28 -28
-28 -29
-28 -3
-28 -30
-28 -31
-28 -32
-28 -33
-28 -34
-28 -35
-28 -36
-28 -37
-28 -38
-28 -39
-28 -4
-28 -40
-28 -41
-28 -42
-28 -43
-28 -44
-28 -45
-28 -46
-28 -47
-28 -48
-28 -49
-28 -5
-28 -50
-28 -51
-28 -52
-28 -53
-28 -58
-28 -59
-28 -6
-28 -60
-28 -61
-28 -62
-28 -65
-28 -66
-28 -67
-28 -68
-28 -69
-28 -7
-28 -70
-28 -71
-28 -72
-28 -73
-28 -78
-28 -79
-28 -8
-28 -80
-28 -81
-28 -82
-28 -83
-28 -84
-28 -85
-28 -86
-28 -87
-28 -88
-28 -89
-28 -9
-28 0
-28 1
-28 10
-28 11
-28 12
-28 13
-28 2
-28 3
-28 4
-28 5
-28 6
-28 7
-28 8
-28 9
-29 -1
-29 -10
-29 -11
-29 -12
-29 -13
-29 -14
-29 -15
-29 -16
-29 -17
-29 -18
-29 -19
-29 -2
-29 -20
-29 -21
-29 -22
-29 -23
-29 -24
-29 -25
-29 -26
-29 -27
-29 -28
-29 -29
-29 -3
-29 -30
-29 -31
-29 -32
-29 -33
-29 -34
-29 -35
-29 -36
-29 -37
-29 -38
-29 -39
-29 -4
-29 -40
-29 -41
-29 -42
-29 -43
-29 -44
-29 -45
-29 -46
-29 -47
-29 -48
-29 -49
-29 -5
-29 -50
-29 -51
-29 -52
-29 -53
-29 -54
-29 -6
-29 -64
-29 -65
-29 -66
-29 -67
-29 -68
-29 -69
-29 -7
-29 -70
-29 -71
-29 -72
-29 -73
-29 -74
-29 -78
-29 -79
-29 -8
-29 -80
-29 -81
-29 -82
-29 -83
-29 -84
-29 -85
-29 -86
-29 -87
-29 -88
-29 -89
-29 -9
-29 0
-29 1
-29 10
-29 11
-29 12
-29 13
-29 2
-29 3
-29 4
-29 5
-29 6
-29 7
-29 8
-29 9
-3 -1
-3 -10
-3 -11
-3 -12
-3 -13
-3 -14
-3 -15
-3 -16
-3 -17
-3 -18
-3 -19
-3 -2
-3 -20
-3 -21
-3 -22
-3 -23
-3 -24
-3 -3
-3 -4
-3 -5
-3 -55
-3 -56
-3 -57
-3 -58
-3 -59
-3 -6
-3 -60
-3 -61
-3 -62
-3 -63
-3 -64
-3 -65
-3 -66
-3 -67
-3 -68
-3 -7
-3 -8
-3 -9
-3 0
-3 1
-3 10
-3 11
-3 12
-3 13
-3 14
-3 15
-3 16
-3 17
-3 18
-3 19
-3 2
-3 20
-3 21
-3 22
-3 23
-3 24
-3 25
-3 3
-3 4
-3 5
-3 6
-3 7
-3 8
-3 9
-30 -1
-30 -10
-30 -11
-30 -12
-30 -13
-30 -14
-30 -15
-30 -16
-30 -17
-30 -18
-30 -19
-30 -2
-30 -20
-30 -21
-30 -22
-30 -23
-30 -24
-30 -25
-30 -26
-30 -27
-30 -28
-30 -29
-30 -3
-30 -30
-30 -31
-30 -32
-30 -33
-30 -34
-30 -35
-30 -36
-30 -37
-30 -38
-30 -39
-30 -4
-30 -40
-30 -41
-30 -42
-30 -43
-30 -44
-30 -45
-30 -46
-30 -47
-30 -48
-30 -49
-30 -5
-30 -50
-30 -51
-30 -52
-30 -53
-30 -54
-30 -55
-30 -56
-30 -57
-30 -58
-30 -59
-30 -6
-30 -60
-30 -64
-30 -65
-30 -66
-30 -67
-30 -68
-30 -69
-30 -7
-30 -70
-30 -71
-30 -72
-30 -73
-30 -74
-30 -78
-30 -79
-30 -8
-30 -80
-30 -81
-30 -82
-30 -83
-30 -84
-30 -85
-30 -86
-30 -87
-30 -88
-30 -89
-30 -9
-30 0
-30 1
-30 10
-30 11
-30 12
-30 13
-30 2
-30 3
-30 4
-30 5
-30 6
-30 7
-30 8
-30 9
-31 -1
-31 -10
-31 -11
-31 -12
-31 -13
-31 -14
-31 -15
-31 -16
-31 -17
-31 -18
-31 -19
-31 -2
-31 -20
-31 -21
-31 -22
-31 -23
-31 -24
-31 -25
-31 -26
-31 -27
-31 -28
-31 -29
-31 -3
-31 -30
-31 -31
-31 -32
-31 -4
-31 -5
-31 -51
-31 -52
-31 -53
-31 -54
-31 -55
-31 -56
-31 -57
-31 -58
-31 -59
-31 -6
-31 -60
-31 -61
-31 -64
-31 -65
-31 -66
-31 -67
-31 -68
-31 -69
-31 -7
-31 -70
-31 -71
-31 -72
-31 -73
-31 -74
-31 -79
-31 -8
-31 -80
-31 -81
-31 -82
-31 -83
-31 -84
-31 -85
-31 -86
-31 -87
-31 -88
-31 -89
-31 -9
-31 0
-31 1
-31 10
-31 11
-31 12
-31 13
-31 2
-31 3
-31 4
-31 5
-31 6
-31 7
-31 8
-31 9
-32 -1
-32 -10
-32 -11
-32 -12
-32 -13
-32 -14
-32 -15
-32 -16
-32 -17
-32 -18
-32 -19
-32 -2
-32 -20
-32 -21
-32 -22
-32 -23
-32 -24
-32 -25
-32 -26
-32 -27
-32 -28
-32 -29
-32 -3
-32 -30
-32 -31
-32 -32
-32 -33
-32 -4
-32 -5
-32 -52
-32 -53
-32 -54
-32 -55
-32 -56
-32 -57
-32 -58
-32 -59
-32 -6
-32 -60
-32 -61
-32 -62
-32 -64
-32 -65
-32 -66
-32 -67
-32 -68
-32 -69
-32 -7
-32 -70
-32 -71
-32 -72
-32 -73
-32 -74
-32 -75
-32 -76
-32 -79
-32 -8
-32 -80
-32 -81
-32 -82
-32 -83
-32 -84
-32 -85
-32 -86
-32 -87
-32 -88
-32 -89
-32 -9
-32 0
-32 1
-32 10
-32 11
-32 12
-32 13
-32 2
-32 3
-32 4
-32 5
-32 6
-32 7
-32 8
-32 9
-33 -1
-33 -10
-33 -11
-33 -12
-33 -13
-33 -14
-33 -15
-33 -16
-33 -17
-33 -18
-33 -19
-33 -2
-33 -20
-33 -21
-33 -22
-33 -23
-33 -24
-33 -25
-33 -26
-33 -27
-33 -28
-33 -29
-33 -3
-33 -30
-33 -31
-33 -32
-33 -33
-33 -4
-33 -5
-33 -58
-33 -59
-33 -6
-33 -60
-33 -61
-33 -62
-33 -63
-33 -64
-33 -65
-33 -66
-33 -67
-33 -68
-33 -69
-33 -7
-33 -70
-33 -71
-33 -72
-33 -73
-33 -74
-33 -75
-33 -76
-33 -77
-33 -78
-33 -79
-33 -8
-33 -80
-33 -81
-33 -82
-33 -83
-33 -84
-33 -85
-33 -86
-33 -87
-33 -88
-33 -89
-33 -9
-33 0
-33 1
-33 10
-33 11
-33 12
-33 13
-33 2
-33 3
-33 4
-33 5
-33 6
-33 7
-33 8
-33 9
-34 -1
-34 -10
-34 -11
-34 -12
-34 -13
-34 -14
-34 -15
-34 -16
-34 -17
-34 -18
-34 -19
-34 -2
-34 -20
-34 -21
-34 -22
-34 -23
-34 -24
-34 -25
-34 -26
-34 -27
-34 -28
-34 -29
-34 -3
-34 -30
-34 -31
-34 -32
-34 -33
-34 -4
-34 -5
-34 -59
-34 -6
-34 -60
-34 -61
-34 -62
-34 -63
-34 -64
-34 -65
-34 -66
-34 -67
-34 -68
-34 -69
-34 -7
-34 -70
-34 -71
-34 -72
-34 -73
-34 -74
-34 -75
-34 -76
-34 -77
-34 -78
-34 -79
-34 -8
-34 -80
-34 -81
-34 -82
-34 -83
-34 -84
-34 -85
-34 -86
-34 -87
-34 -88
-34 -89
-34 -9
-34 -90
-34 -91
-34 0
-34 1
-34 10
-34 11
-34 12
-34 13
-34 2
-34 3
-34 4
-34 5
-34 6
-34 7
-34 8
-34 9
-35 -1
-35 -10
-35 -11
-35 -12
-35 -13
-35 -14
-35 -15
-35 -16
-35 -17
-35 -18
-35 -19
-35 -2
-35 -20
-35 -21
-35 -22
-35 -23
-35 -24
-35 -25
-35 -26
-35 -27
-35 -28
-35 -29
-35 -3
-35 -30
-35 -31
-35 -32
-35 -33
-35 -34
-35 -4
-35 -5
-35 -6
-35 -60
-35 -61
-35 -62
-35 -63
-35 -64
-35 -65
-35 -66
-35 -67
-35 -68
-35 -69
-35 -7
-35 -70
-35 -71
-35 -72
-35 -73
-35 -74
-35 -75
-35 -76
-35 -77
-35 -78
-35 -79
-35 -8
-35 -80
-35 -81
-35 -82
-35 -83
-35 -84
-35 -85
-35 -86
-35 -87
-35 -88
-35 -89
-35 -9
-35 -90
-35 -91
-35 -92
-35 -93
-35 -94
-35 -95
-35 -96
-35 -97
-35 0
-35 1
-35 10
-35 11
-35 12
-35 13
-35 2
-35 3
-35 4
-35 5
-35 6
-35 7
-35 8
-35 9
-36 -1
-36 -12
-36 -13
-36 -14
-36 -15
-36 -16
-36 -17
-36 -18
-36 -19
-36 -2
-36 -20
-36 -21
-36 -22
-36 -23
-36 -24
-36 -25
-36 -26
-36 -27
-36 -28
-36 -29
-36 -3
-36 -30
-36 -31
-36 -32
-36 -33
-36 -34
-36 -4
-36 -5
-36 -6
-36 -61
-36 -62
-36 -63
-36 -64
-36 -65
-36 -66
-36 -67
-36 -68
-36 -69
-36 -7
-36 -70
-36 -71
-36 -72
-36 -73
-36 -74
-36 -75
-36 -76
-36 -77
-36 -78
-36 -79
-36 -8
-36 -80
-36 -81
-36 -82
-36 -83
-36 -84
-36 -85
-36 -86
-36 -87
-36 -88
-36 -89
-36 -90
-36 -91
-36 -92
-36 -93
-36 -94
-36 -95
-36 -96
-36 -97
-36 -98
-36 -99
-36 0
-36 1
-36 10
-36 11
-36 12
-36 13
-36 2
-36 3
-36 4
-36 5
-36 6
-36 7
-36 8
-36 9
-37 -1
-37 -20
-37 -21
-37 -22
-37 -23
-37 -24
-37 -25
-37 -26
-37 -27
-37 -28
-37 -29
-37 -30
-37 -31
-37 -32
-37 -33
-37 -34
-37 -62
-37 -63
-37 -64
-37 -65
-37 -66
-37 -67
-37 -68
-37 -69
-37 -70
-37 -71
-37 -72
-37 -73
-37 -74
-37 -75
-37 -76
-37 -77
-37 -78
-37 -79
-37 -80
-37 -81
-37 -82
-37 -83
-37 -84
-37 -85
-37 -86
-37 -87
-37 -88
-37 -89
-37 -90
-37 -91
-37 -92
-37 -93
-37 -94
-37 -95
-37 -96
-37 -97
-37 -98
-37 -99
-37 0
-37 1
-37 10
-37 11
-37 12
-37 13
-37 2
-37 3
-37 4
-37 5
-37 6
-37 7
-37 8
-37 9
-38 -1
-38 -100
-38 -20
-38 -21
-38 -22
-38 -23
-38 -24
-38 -25
-38 -26
-38 -27
-38 -28
-38 -29
-38 -30
-38 -31
-38 -32
-38 -33
-38 -34
-38 -63
-38 -64
-38 -65
-38 -66
-38 -67
-38 -68
-38 -69
-38 -70
-38 -71
-38 -72
-38 -73
-38 -74
-38 -75
-38 -76
-38 -77
-38 -78
-38 -79
-38 -80
-38 -81
-38 -82
-38 -83
-38 -84
-38 -85
-38 -86
-38 -87
-38 -88
-38 -89
-38 -90
-38 -91
-38 -92
-38 -93
-38 -94
-38 -95
-38 -96
-38 -97
-38 -98
-38 -99
-38 0
-38 1
-38 10
-38 11
-38 12
-38 13
-38 2
-38 3
-38 4
-38 5
-38 6
-38 7
-38 8
-38 9
-39 -1
-39 -100
-39 -20
-39 -21
-39 -22
-39 -23
-39 -24
-39 -25
-39 -26
-39 -27
-39 -28
-39 -29
-39 -30
-39 -31
-39 -32
-39 -33
-39 -34
-39 -64
-39 -65
-39 -66
-39 -67
-39 -68
-39 -69
-39 -70
-39 -71
-39 -72
-39 -73
-39 -74
-39 -75
-39 -76
-39 -77
-39 -78
-39 -79
-39 -80
-39 -81
-39 -82
-39 -83
-39 -84
-39 -85
-39 -86
-39 -87
-39 -88
-39 -89
-39 -90
-39 -91
-39 -92
-39 -93
-39 -94
-39 -95
-39 -96
-39 -97
-39 -98
-39 -99
-39 0
-39 1
-39 10
-39 11
-39 12
-39 13
-39 2
-39 3
-39 4
-39 5
-39 6
-39 7
-39 8
-39 9
-4 -1
-4 -10
-4 -11
-4 -12
-4 -13
-4 -14
-4 -15
-4 -16
-4 -17
-4 -18
-4 -19
-4 -2
-4 -20
-4 -21
-4 -22
-4 -23
-4 -24
-4 -3
-4 -4
-4 -5
-4 -55
-4 -56
-4 -57
-4 -58
-4 -59
-4 -6
-4 -60
-4 -61
-4 -62
-4 -63
-4 -64
-4 -65
-4 -66
-4 -67
-4 -68
-4 -69
-4 -7
-4 -70
-4 -8
-4 -9
-4 0
-4 1
-4 10
-4 11
-4 12
-4 13
-4 14
-4 15
-4 16
-4 17
-4 18
-4 19
-4 2
-4 20
-4 21
-4 22
-4 23
-4 3
-4 4
-4 5
-4 6
-4 7
-4 8
-4 9
-40 -100
-40 -20
-40 -21
-40 -22
-40 -23
-40 -24
-40 -25
-40 -26
-40 -27
-40 -28
-40 -29
-40 -30
-40 -31
-40 -32
-40 -33
-40 -34
-40 -65
-40 -66
-40 -67
-40 -68
-40 -69
-40 -70
-40 -71
-40 -72
-40 -73
-40 -74
-40 -75
-40 -76
-40 -77
-40 -78
-40 -79
-40 -80
-40 -81
-40 -82
-40 -83
-40 -84
-40 -85
-40 -86
-40 -87
-40 -88
-40 -89
-40 -90
-40 -91
-40 -92
-40 -93
-40 -94
-40 -95
-40 -96
-40 -97
-40 -98
-40 -99
-40 0
-40 1
-40 10
-40 11
-40 12
-40 2
-40 3
-40 4
-40 5
-40 6
-40 7
-40 8
-40 9
-41 -100
-41 -20
-41 -21
-41 -22
-41 -23
-41 -24
-41 -25
-41 -26
-41 -27
-41 -28
-41 -29
-41 -30
-41 -31
-41 -32
-41 -33
-41 -34
-41 -65
-41 -66
-41 -67
-41 -68
-41 -69
-41 -70
-41 -71
-41 -72
-41 -73
-41 -74
-41 -75
-41 -76
-41 -77
-41 -78
-41 -79
-41 -80
-41 -81
-41 -82
-41 -83
-41 -84
-41 -85
-41 -86
-41 -87
-41 -88
-41 -89
-41 -90
-41 -91
-41 -92
-41 -93
-41 -94
-41 -95
-41 -96
-41 -97
-41 -98
-41 -99
-41 0
-41 1
-41 10
-41 11
-41 12
-41 2
-41 3
-41 4
-41 5
-41 6
-41 7
-41 8
-41 9
-42 -100
-42 -20
-42 -21
-42 -22
-42 -23
-42 -24
-42 -25
-42 -26
-42 -27
-42 -28
-42 -29
-42 -30
-42 -31
-42 -32
-42 -33
-42 -34
-42 -35
-42 -36
-42 -37
-42 -38
-42 -39
-42 -65
-42 -66
-42 -67
-42 -68
-42 -69
-42 -70
-42 -71
-42 -72
-42 -73
-42 -74
-42 -75
-42 -76
-42 -77
-42 -78
-42 -79
-42 -80
-42 -81
-42 -82
-42 -83
-42 -84
-42 -85
-42 -86
-42 -87
-42 -88
-42 -89
-42 -90
-42 -91
-42 -92
-42 -93
-42 -94
-42 -95
-42 -96
-42 -97
-42 -98
-42 -99
-42 10
-42 2
-42 3
-42 4
-42 5
-42 6
-42 7
-42 8
-42 9
-43 -100
-43 -20
-43 -21
-43 -22
-43 -23
-43 -24
-43 -25
-43 -26
-43 -27
-43 -28
-43 -29
-43 -30
-43 -31
-43 -32
-43 -33
-43 -34
-43 -35
-43 -36
-43 -37
-43 -38
-43 -39
-43 -40
-43 -41
-43 -65
-43 -66
-43 -67
-43 -68
-43 -69
-43 -70
-43 -71
-43 -72
-43 -73
-43 -74
-43 -75
-43 -76
-43 -77
-43 -78
-43 -79
-43 -80
-43 -81
-43 -82
-43 -83
-43 -84
-43 -85
-43 -86
-43 -87
-43 -88
-43 -89
-43 -90
-43 -91
-43 -92
-43 -93
-43 -94
-43 -95
-43 -96
-43 -97
-43 -98
-43 -99
-44 -20
-44 -21
-44 -22
-44 -23
-44 -24
-44 -25
-44 -26
-44 -27
-44 -28
-44 -29
-44 -30
-44 -31
-44 -32
-44 -33
-44 -34
-44 -35
-44 -36
-44 -37
-44 -38
-44 -39
-44 -40
-44 -41
-44 -42
-44 -43
-44 -44
-44 -45
-44 -46
-44 -65
-44 -66
-44 -67
-44 -68
-44 -69
-44 -70
-44 -71
-44 -72
-44 -73
-44 -74
-44 -75
-44 -76
-44 -77
-44 -78
-44 -79
-44 -80
-44 -81
-44 -82
-44 -83
-44 -84
-44 -85
-44 -86
-44 -87
-44 -88
-44 -89
-44 -90
-44 -91
-44 -92
-44 -93
-44 -94
-44 -95
-44 -96
-44 -97
-44 -98
-44 -99
-45 -21
-45 -22
-45 -23
-45 -24
-45 -25
-45 -26
-45 -27
-45 -28
-45 -29
-45 -30
-45 -31
-45 -32
-45 -33
-45 -34
-45 -35
-45 -36
-45 -37
-45 -38
-45 -39
-45 -40
-45 -41
-45 -42
-45 -43
-45 -44
-45 -45
-45 -46
-45 -47
-45 -48
-45 -65
-45 -66
-45 -67
-45 -68
-45 -69
-45 -70
-45 -71
-45 -72
-45 -73
-45 -74
-45 -75
-45 -76
-45 -77
-45 -78
-45 -79
-45 -80
-45 -81
-45 -82
-45 -83
-45 -84
-45 -85
-45 -86
-45 -87
-45 -88
-45 -89
-45 -90
-45 -91
-45 -92
-45 -93
-45 -94
-45 -95
-45 -96
-45 -97
-45 -98
-45 -99
-46 -21
-46 -22
-46 -23
-46 -24
-46 -25
-46 -26
-46 -27
-46 -28
-46 -29
-46 -30
-46 -31
-46 -32
-46 -33
-46 -34
-46 -35
-46 -36
-46 -37
-46 -38
-46 -39
-46 -40
-46 -41
-46 -42
-46 -43
-46 -44
-46 -45
-46 -46
-46 -47
-46 -48
-46 -66
-46 -67
-46 -68
-46 -69
-46 -70
-46 -71
-46 -72
-46 -73
-46 -74
-46 -75
-46 -76
-46 -77
-46 -78
-46 -79
-46 -80
-46 -81
-46 -82
-46 -83
-46 -84
-46 -85
-46 -86
-46 -87
-46 -88
-46 -89
-46 -90
-46 -91
-46 -92
-46 -93
-46 -94
-46 -95
-46 -96
-46 -97
-47 -23
-47 -24
-47 -25
-47 -26
-47 -27
-47 -28
-47 -29
-47 -30
-47 -31
-47 -32
-47 -33
-47 -34
-47 -35
-47 -36
-47 -37
-47 -38
-47 -39
-47 -40
-47 -41
-47 -42
-47 -43
-47 -44
-47 -45
-47 -46
-47 -47
-47 -48
-47 -49
-47 -66
-47 -67
-47 -68
-47 -69
-47 -70
-47 -71
-47 -72
-47 -73
-47 -74
-47 -75
-47 -76
-47 -77
-47 -78
-47 -79
-47 -80
-47 -81
-47 -82
-47 -83
-47 -84
-47 -85
-47 -86
-47 -87
-47 -88
-47 -89
-47 -90
-47 -91
-47 -92
-47 -93
-47 -94
-48 -28
-48 -29
-48 -30
-48 -31
-48 -32
-48 -33
-48 -34
-48 -35
-48 -36
-48 -37
-48 -38
-48 -39
-48 -40
-48 -41
-48 -42
-48 -43
-48 -44
-48 -45
-48 -46
-48 -47
-48 -48
-48 -49
-48 -56
-48 -57
-48 -58
-48 -59
-48 -60
-48 -61
-48 -62
-48 -63
-48 -64
-48 -65
-48 -66
-48 -67
-48 -68
-48 -69
-48 -70
-48 -71
-48 -72
-48 -73
-48 -74
-48 -75
-48 -76
-48 -79
-48 -80
-48 -81
-48 -82
-48 -83
-48 -84
-48 -85
-48 -86
-48 -87
-48 -88
-48 -89
-48 -90
-48 -91
-48 -92
-48 -93
-49 -28
-49 -29
-49 -30
-49 -31
-49 -32
-49 -33
-49 -34
-49 -35
-49 -36
-49 -37
-49 -38
-49 -39
-49 -40
-49 -41
-49 -42
-49 -43
-49 -44
-49 -45
-49 -46
-49 -47
-49 -48
-49 -49
-49 -50
-49 -51
-49 -52
-49 -53
-49 -54
-49 -55
-49 -56
-49 -57
-49 -58
-49 -59
-49 -60
-49 -61
-49 -62
-49 -63
-49 -64
-49 -65
-49 -66
-49 -67
-49 -68
-49 -69
-49 -70
-49 -71
-49 -72
-49 -73
-49 -74
-49 -75
-49 -76
-49 -79
-49 -80
-49 -81
-49 -82
-49 -83
-49 -84
-49 -85
-49 -86
-49 -87
-49 -88
-49 -89
-49 -90
-49 -91
-49 -92
-49 -93
-5 -1
-5 -10
-5 -11
-5 -12
-5 -13
-5 -14
-5 -15
-5 -16
-5 -17
-5 -18
-5 -19
-5 -2
-5 -20
-5 -21
-5 -22
-5 -23
-5 -24
-5 -3
-5 -4
-5 -5
-5 -55
-5 -56
-5 -57
-5 -58
-5 -59
-5 -6
-5 -60
-5 -61
-5 -62
-5 -63
-5 -64
-5 -65
-5 -66
-5 -67
-5 -68
-5 -69
-5 -7
-5 -70
-5 -71
-5 -72
-5 -8
-5 -9
-5 0
-5 1
-5 10
-5 11
-5 12
-5 13
-5 14
-5 15
-5 16
-5 2
-5 3
-5 4
-5 5
-5 6
-5 7
-5 8
-5 9
-50 -28
-50 -29
-50 -30
-50 -31
-50 -32
-50 -33
-50 -34
-50 -35
-50 -36
-50 -37
-50 -38
-50 -39
-50 -40
-50 -41
-50 -42
-50 -43
-50 -44
-50 -45
-50 -46
-50 -47
-50 -48
-50 -49
-50 -50
-50 -51
-50 -52
-50 -53
-50 -54
-50 -55
-50 -56
-50 -57
-50 -58
-50 -59
-50 -60
-50 -61
-50 -62
-50 -63
-50 -64
-50 -65
-50 -66
-50 -67
-50 -68
-50 -69
-50 -70
-50 -71
-50 -72
-50 -73
-50 -74
-50 -75
-50 -76
-50 -80
-50 -81
-50 -82
-50 -83
-50 -84
-50 -85
-50 -86
-50 -87
-50 -88
-50 -89
-50 -90
-50 -91
-50 -92
-51 -28
-51 -29
-51 -30
-51 -31
-51 -32
-51 -33
-51 -34
-51 -35
-51 -36
-51 -37
-51 -38
-51 -39
-51 -40
-51 -41
-51 -42
-51 -43
-51 -44
-51 -45
-51 -46
-51 -47
-51 -48
-51 -49
-51 -50
-51 -51
-51 -52
-51 -53
-51 -54
-51 -55
-51 -56
-51 -57
-51 -58
-51 -59
-51 -60
-51 -61
-51 -62
-51 -63
-51 -64
-51 -65
-51 -66
-51 -67
-51 -68
-51 -69
-51 -70
-51 -71
-51 -72
-51 -73
-51 -74
-51 -75
-51 -76
-51 -80
-51 -81
-51 -82
-51 -83
-51 -84
-51 -85
-51 -86
-51 -87
-51 -88
-51 -89
-51 -90
-51 -91
-52 -28
-52 -29
-52 -30
-52 -31
-52 -32
-52 -33
-52 -34
-52 -35
-52 -36
-52 -37
-52 -38
-52 -39
-52 -40
-52 -41
-52 -42
-52 -43
-52 -44
-52 -45
-52 -46
-52 -47
-52 -48
-52 -49
-52 -50
-52 -51
-52 -52
-52 -53
-52 -54
-52 -55
-52 -56
-52 -57
-52 -58
-52 -59
-52 -60
-52 -61
-52 -62
-52 -63
-52 -64
-52 -65
-52 -66
-52 -67
-52 -68
-52 -69
-52 -70
-52 -71
-52 -72
-52 -73
-52 -74
-52 -75
-52 -76
-52 -81
-52 -82
-52 -83
-52 -84
-52 -85
-52 -86
-52 -87
-52 -88
-52 -89
-52 -90
-52 -91
-53 -28
-53 -29
-53 -30
-53 -31
-53 -32
-53 -33
-53 -34
-53 -35
-53 -36
-53 -37
-53 -38
-53 -39
-53 -40
-53 -41
-53 -42
-53 -43
-53 -44
-53 -45
-53 -46
-53 -47
-53 -48
-53 -49
-53 -50
-53 -51
-53 -52
-53 -53
-53 -54
-53 -55
-53 -56
-53 -57
-53 -58
-53 -59
-53 -60
-53 -61
-53 -62
-53 -63
-53 -64
-53 -65
-53 -66
-53 -67
-53 -68
-53 -69
-53 -70
-53 -71
-53 -72
-53 -73
-53 -74
-53 -75
-53 -76
-53 -81
-53 -82
-53 -83
-53 -84
-53 -85
-53 -86
-53 -87
-53 -88
-53 -89
-53 -90
-54 -28
-54 -29
-54 -30
-54 -31
-54 -32
-54 -33
-54 -34
-54 -35
-54 -36
-54 -37
-54 -38
-54 -39
-54 -40
-54 -41
-54 -42
-54 -43
-54 -44
-54 -45
-54 -46
-54 -47
-54 -48
-54 -49
-54 -50
-54 -51
-54 -52
-54 -53
-54 -54
-54 -55
-54 -56
-54 -57
-54 -58
-54 -59
-54 -60
-54 -61
-54 -62
-54 -63
-54 -64
-54 -65
-54 -66
-54 -67
-54 -68
-54 -69
-54 -70
-54 -71
-54 -72
-54 -73
-54 -74
-54 -75
-54 -76
-54 -83
-54 -84
-54 -85
-54 -86
-54 -87
-54 -88
-55 -28
-55 -29
-55 -30
-55 -31
-55 -32
-55 -33
-55 -34
-55 -35
-55 -36
-55 -37
-55 -38
-55 -39
-55 -40
-55 -41
-55 -42
-55 -43
-55 -44
-55 -45
-55 -46
-55 -47
-55 -48
-55 -49
-55 -50
-55 -51
-55 -52
-55 -53
-55 -54
-55 -55
-55 -56
-55 -57
-55 -58
-55 -59
-55 -60
-55 -61
-55 -62
-55 -63
-55 -64
-55 -65
-55 -66
-55 -67
-55 -68
-55 -69
-55 -70
-55 -71
-55 -72
-55 -73
-55 -74
-55 -75
-56 -28
-56 -29
-56 -30
-56 -31
-56 -32
-56 -33
-56 -34
-56 -35
-56 -36
-56 -37
-56 -38
-56 -39
-56 -40
-56 -41
-56 -42
-56 -43
-56 -44
-56 -45
-56 -46
-56 -47
-56 -48
-56 -49
-56 -50
-56 -51
-56 -52
-56 -53
-56 -54
-56 -55
-56 -56
-56 -57
-56 -58
-56 -59
-56 -60
-56 -61
-56 -62
-56 -63
-56 -64
-56 -65
-56 -66
-56 -67
-56 -68
-56 -69
-56 -70
-56 -71
-56 -72
-56 -73
-56 -74
-56 -75
-57 -28
-57 -29
-57 -30
-57 -31
-57 -32
-57 -33
-57 -34
-57 -35
-57 -36
-57 -37
-57 -38
-57 -39
-57 -40
-57 -41
-57 -42
-57 -43
-57 -44
-57 -45
-57 -47
-57 -48
-57 -49
-57 -50
-57 -51
-57 -52
-57 -53
-57 -54
-57 -55
-57 -56
-57 -57
-57 -58
-57 -59
-57 -60
-57 -61
-57 -62
-57 -63
-57 -64
-57 -65
-57 -66
-57 -67
-57 -68
-57 -69
-57 -70
-57 -71
-57 -72
-57 -73
-58 -29
-58 -30
-58 -31
-58 -32
-58 -33
-58 -34
-58 -35
-58 -36
-58 -37
-58 -38
-58 -39
-58 -40
-58 -41
-58 -42
-58 -43
-58 -44
-58 -45
-58 -47
-58 -48
-58 -49
-58 -50
-58 -51
-58 -52
-58 -53
-58 -54
-58 -55
-58 -56
-58 -57
-58 -58
-58 -59
-58 -60
-58 -61
-58 -62
-58 -63
-58 -64
-58 -65
-58 -66
-58 -67
-58 -68
-58 -69
-58 -70
-59 -29
-59 -30
-59 -31
-59 -32
-59 -33
-59 -34
-59 -35
-59 -36
-59 -37
-59 -38
-59 -39
-59 -40
-59 -41
-59 -42
-59 -43
-59 -44
-59 -45
-59 -46
-59 -47
-59 -48
-59 -49
-59 -50
-59 -51
-59 -52
-59 -53
-59 -54
-59 -55
-59 -56
-59 -57
-59 -58
-59 -59
-59 -60
-59 -61
-59 -62
-59 -63
-6 -1
-6 -10
-6 -11
-6 -12
-6 -13
-6 -14
-6 -15
-6 -16
-6 -17
-6 -18
-6 -19
-6 -2
-6 -20
-6 -21
-6 -22
-6 -23
-6 -24
-6 -3
-6 -4
-6 -5
-6 -55
-6 -56
-6 -57
-6 -58
-6 -59
-6 -6
-6 -60
-6 -61
-6 -62
-6 -63
-6 -64
-6 -65
-6 -66
-6 -67
-6 -68
-6 -69
-6 -7
-6 -70
-6 -71
-6 -72
-6 -8
-6 -9
-6 0
-6 1
-6 10
-6 11
-6 12
-6 13
-6 14
-6 15
-6 2
-6 3
-6 4
-6 5
-6 6
-6 7
-6 8
-6 9
-60 -31
-60 -32
-60 -33
-60 -34
-60 -35
-60 -36
-60 -37
-60 -38
-60 -39
-60 -40
-60 -41
-60 -42
-60 -43
-60 -44
-60 -45
-60 -46
-60 -47
-60 -48
-60 -49
-60 -50
-60 -51
-60 -52
-60 -53
-60 -54
-60 -55
-60 -56
-60 -57
-60 -58
-60 -59
-60 -60
-60 -61
-60 -62
-60 -63
-61 -31
-61 -32
-61 -33
-61 -34
-61 -35
-61 -36
-61 -37
-61 -38
-61 -39
-61 -40
-61 -41
-61 -42
-61 -43
-61 -44
-61 -45
-61 -46
-61 -47
-61 -48
-61 -49
-61 -50
-61 -51
-61 -52
-61 -53
-61 -54
-61 -55
-61 -56
-61 -57
-61 -58
-61 -59
-61 -60
-61 -61
-61 -62
-62 -33
-62 -34
-62 -35
-62 -36
-62 -37
-62 -38
-62 -39
-62 -40
-62 -41
-62 -42
-62 -43
-62 -44
-62 -45
-62 -46
-62 -47
-62 -48
-62 -49
-62 -50
-62 -51
-62 -52
-62 -53
-62 -54
-62 -55
-62 -56
-62 -57
-62 -58
-62 -59
-62 -60
-62 -61
-62 -62
-63 -36
-63 -37
-63 -38
-63 -39
-63 -40
-63 -41
-63 -42
-63 -43
-63 -44
-63 -45
-63 -46
-63 -47
-63 -48
-63 -49
-63 -50
-63 -51
-63 -52
-63 -53
-63 -54
-63 -55
-63 -56
-63 -57
-63 -58
-63 -59
-63 -60
-64 -42
-64 -43
-64 -44
-64 -45
-64 -46
-64 -47
-64 -48
-64 -49
-64 -50
-64 -51
-64 -52
-64 -53
-64 -54
-64 -55
-64 -56
-64 -57
-64 -58
-64 -59
-64 -60
-65 -42
-65 -43
-65 -44
-65 -45
-65 -46
-65 -47
-65 -48
-65 -49
-65 -50
-65 -51
-65 -52
-65 -53
-65 -54
-65 -55
-65 -56
-65 -57
-65 -58
-65 -59
-65 -60
-66 -42
-66 -43
-66 -44
-66 -45
-66 -46
-66 -47
-66 -48
-66 -49
-66 -50
-66 -51
-66 -52
-66 -53
-66 -54
-66 -55
-66 -56
-66 -57
-66 -58
-66 -59
-66 -60
-67 -43
-67 -44
-67 -45
-67 -46
-67 -47
-67 -48
-67 -49
-67 -50
-67 -51
-67 -52
-67 -53
-67 -54
-67 -55
-67 -56
-67 -57
-67 -58
-67 -59
-68 -43
-68 -44
-68 -45
-68 -46
-68 -47
-68 -48
-68 -49
-68 -50
-68 -51
-68 -52
-68 -53
-68 -54
-68 -55
-68 -56
-68 -57
-68 -58
-68 -59
-69 -45
-69 -46
-69 -47
-69 -48
-69 -49
-69 -50
-69 -51
-69 -52
-69 -53
-69 -54
-69 -55
-69 -56
-69 -57
-7 -1
-7 -10
-7 -11
-7 -12
-7 -13
-7 -14
-7 -15
-7 -16
-7 -17
-7 -18
-7 -19
-7 -2
-7 -20
-7 -21
-7 -22
-7 -23
-7 -24
-7 -3
-7 -4
-7 -5
-7 -55
-7 -56
-7 -57
-7 -58
-7 -59
-7 -6
-7 -60
-7 -61
-7 -62
-7 -63
-7 -64
-7 -65
-7 -66
-7 -67
-7 -68
-7 -69
-7 -7
-7 -70
-7 -71
-7 -72
-7 -73
-7 -8
-7 -9
-7 0
-7 1
-7 10
-7 11
-7 12
-7 13
-7 14
-7 15
-7 2
-7 3
-7 4
-7 5
-7 6
-7 7
-7 8
-7 9
-8 -1
-8 -10
-8 -11
-8 -12
-8 -13
-8 -14
-8 -15
-8 -16
-8 -17
-8 -18
-8 -19
-8 -2
-8 -20
-8 -21
-8 -22
-8 -23
-8 -24
-8 -3
-8 -4
-8 -5
-8 -55
-8 -56
-8 -57
-8 -58
-8 -59
-8 -6
-8 -60
-8 -61
-8 -62
-8 -63
-8 -64
-8 -65
-8 -66
-8 -67
-8 -68
-8 -69
-8 -7
-8 -70
-8 -71
-8 -72
-8 -73
-8 -8
-8 -9
-8 0
-8 1
-8 10
-8 11
-8 12
-8 13
-8 14
-8 15
-8 2
-8 3
-8 4
-8 5
-8 6
-8 7
-8 8
-8 9
-9 -1
-9 -10
-9 -11
-9 -12
-9 -13
-9 -14
-9 -15
-9 -16
-9 -17
-9 -18
-9 -19
-9 -2
-9 -20
-9 -21
-9 -22
-9 -23
-9 -24
-9 -3
-9 -4
-9 -5
-9 -55
-9 -56
-9 -57
-9 -58
-9 -59
-9 -6
-9 -60
-9 -61
-9 -62
-9 -63
-9 -64
-9 -65
-9 -66
-9 -67
-9 -68
-9 -69
-9 -7
-9 -70
-9 -71
-9 -72
-9 -73
-9 -8
-9 -9
-9 0
-9 1
-9 10
-9 11
-9 12
-9 13
-9 14
-9 15
-9 2
-9 3
-9 4
-9 5
-9 6
-9 7
-9 8
-9 9
0 -1
0 -10
0 -11
0 -12
0 -13
0 -14
0 -15
0 -16
0 -17
0 -18
0 -19
0 -2
0 -20
0 -21
0 -22
0 -23
0 -24
0 -3
0 -4
0 -5
0 -55
0 -56
0 -57
0 -58
0 -59
0 -6
0 -60
0 -61
0 -62
0 -63
0 -64
0 -65
0 -7
0 -8
0 -9
0 0
0 1
0 10
0 11
0 12
0 13
0 14
0 15
0 16
0 17
0 18
0 19
0 2
0 20
0 21
0 22
0 23
0 24
0 25
0 26
0 3
0 4
0 5
0 6
0 7
0 8
0 9
1 -1
1 -10
1 -11
1 -12
1 -13
1 -14
1 -15
1 -16
1 -17
1 -18
1 -19
1 -2
1 -20
1 -21
1 -22
1 -23
1 -24
1 -3
1 -4
1 -5
1 -55
1 -56
1 -57
1 -58
1 -59
1 -6
1 -60
1 -61
1 -62
1 -63
1 -64
1 -65
1 -7
1 -8
1 -9
1 0
1 1
1 10
1 11
1 12
1 13
1 14
1 15
1 16
1 17
1 18
1 19
1 2
1 20
1 21
1 22
1 23
1 24
1 25
1 26
1 3
1 4
1 5
1 6
1 7
1 8
1 9
10 -1
10 -10
10 -11
10 -12
10 -13
10 -14
10 -15
10 -16
10 -17
10 -18
10 -19
10 -2
10 -20
10 -21
10 -22
10 -23
10 -24
10 -3
10 -30
10 -31
10 -32
10 -33
10 -34
10 -4
10 -5
10 -54
10 -55
10 -56
10 -57
10 -58
10 -59
10 -6
10 -60
10 -61
10 -62
10 -63
10 -64
10 -65
10 -7
10 -8
10 -9
10 0
10 1
10 10
10 11
10 12
10 13
10 14
10 15
10 16
10 17
10 18
10 19
10 2
10 20
10 21
10 22
10 23
10 24
10 25
10 26
10 3
10 4
10 5
10 6
10 7
10 8
10 9
11 -1
11 -10
11 -11
11 -12
11 -13
11 -14
11 -15
11 -16
11 -17
11 -18
11 -19
11 -2
11 -20
11 -21
11 -22
11 -23
11 -24
11 -28
11 -29
11 -3
11 -30
11 -31
11 -32
11 -33
11 -34
11 -35
11 -36
11 -4
11 -5
11 -54
11 -55
11 -56
11 -57
11 -58
11 -59
11 -6
11 -60
11 -61
11 -62
11 -63
11 -64
11 -65
11 -7
11 -8
11 -9
11 0
11 1
11 10
11 11
11 12
11 13
11 14
11 15
11 16
11 17
11 18
11 19
11 2
11 20
11 21
11 22
11 23
11 24
11 25
11 26
11 3
11 4
11 5
11 6
11 7
11 8
11 9
12 -1
12 -10
12 -11
12 -112
12 -113
12 -114
12 -115
12 -116
12 -12
12 -13
12 -14
12 -15
12 -16
12 -17
12 -18
12 -19
12 -2
12 -20
12 -21
12 -22
12 -23
12 -24
12 -28
12 -29
12 -3
12 -30
12 -31
12 -32
12 -33
12 -34
12 -35
12 -36
12 -4
12 -5
12 -54
12 -55
12 -56
12 -57
12 -58
12 -59
12 -6
12 -60
12 -61
12 -62
12 -63
12 -64
12 -65
12 -7
12 -8
12 -9
12 0
12 1
12 10
12 11
12 12
12 13
12 15
12 16
12 17
12 18
12 19
12 2
12 20
12 21
12 22
12 23
12 24
12 25
12 26
12 3
12 4
12 5
12 6
12 7
12 8
12 9
13 -1
13 -10
13 -11
13 -110
13 -111
13 -112
13 -113
13 -114
13 -115
13 -116
13 -117
13 -118
13 -12
13 -14
13 -15
13 -16
13 -17
13 -18
13 -19
13 -2
13 -20
13 -21
13 -22
13 -23
13 -24
13 -27
13 -28
13 -29
13 -3
13 -30
13 -31
13 -32
13 -33
13 -34
13 -35
13 -36
13 -37
13 -4
13 -5
13 -54
13 -55
13 -56
13 -57
13 -58
13 -59
13 -6
13 -60
13 -61
13 -62
13 -63
13 -64
13 -65
13 -7
13 -8
13 -9
13 0
13 1
13 10
13 11
13 12
13 15
13 16
13 17
13 18
13 19
13 2
13 20
13 21
13 22
13 23
13 24
13 25
13 26
13 3
13 4
13 5
13 6
13 7
13 8
13 9
14 -1
14 -10
14 -11
14 -110
14 -111
14 -112
14 -113
14 -114
14 -115
14 -116
14 -117
14 -118
14 -119
14 -12
14 -15
14 -16
14 -17
14 -18
14 -19
14 -2
14 -20
14 -21
14 -22
14 -23
14 -27
14 -28
14 -29
14 -3
14 -30
14 -31
14 -32
14 -33
14 -34
14 -35
14 -36
14 -37
14 -4
14 -5
14 -54
14 -55
14 -56
14 -57
14 -58
14 -59
14 -6
14 -60
14 -61
14 -62
14 -63
14 -64
14 -65
14 -7
14 -8
14 -9
14 0
14 1
14 10
14 11
14 12
14 15
14 16
14 17
14 18
14 19
14 2
14 20
14 21
14 22
14 23
14 24
14 25
14 26
14 3
14 4
14 5
14 6
14 7
14 8
15 -1
15 -10
15 -109
15 -11
15 -110
15 -111
15 -112
15 -113
15 -114
15 -115
15 -116
15 -117
15 -118
15 -119
15 -12
15 -120
15 -121
15 -15
15 -16
15 -17
15 -18
15 -19
15 -2
15 -20
15 -21
15 -22
15 -23
15 -27
15 -28
15 -29
15 -3
15 -30
15 -31
15 -32
15 -33
15 -34
15 -35
15 -36
15 -37
15 -4
15 -5
15 -55
15 -56
15 -57
15 -58
15 -59
15 -6
15 -60
15 -61
15 -62
15 -63
15 -64
15 -7
15 -8
15 -9
15 0
15 1
15 10
15 11
15 12
15 15
15 16
15 17
15 18
15 19
15 2
15 20
15 21
15 22
15 23
15 24
15 25
15 26
15 3
15 4
15 5
15 6
15 7
15 8
16 -1
16 -10
16 -109
16 -11
16 -110
16 -111
16 -112
16 -113
16 -114
16 -115
16 -116
16 -117
16 -118
16 -119
16 -120
16 -121
16 -17
16 -18
16 -19
16 -2
16 -20
16 -21
16 -27
16 -28
16 -29
16 -3
16 -30
16 -31
16 -32
16 -33
16 -34
16 -35
16 -36
16 -37
16 -4
16 -5
16 -55
16 -56
16 -57
16 -58
16 -59
16 -6
16 -60
16 -61
16 -62
16 -63
16 -64
16 -7
16 -8
16 -9
16 0
16 1
16 10
16 11
16 12
16 15
16 16
16 17
16 18
16 19
16 2
16 20
16 21
16 22
16 23
16 24
16 25
16 26
16 3
16 4
16 5
16 6
16 7
17 -1
17 -10
17 -109
17 -11
17 -110
17 -111
17 -112
17 -113
17 -114
17 -115
17 -116
17 -117
17 -118
17 -119
17 -120
17 -121
17 -122
17 -2
17 -27
17 -28
17 -29
17 -3
17 -30
17 -31
17 -32
17 -33
17 -34
17 -35
17 -36
17 -37
17 -4
17 -5
17 -57
17 -58
17 -59
17 -6
17 -60
17 -61
17 -62
17 -7
17 -8
17 -9
17 0
17 1
17 10
17 11
17 12
17 14
17 15
17 16
17 17
17 18
17 19
17 2
17 20
17 21
17 22
17 23
17 24
17 25
17 26
17 3
17 4
17 5
17 6
17 7
18 -1
18 -109
18 -110
18 -111
18 -112
18 -113
18 -114
18 -115
18 -116
18 -117
18 -118
18 -119
18 -120
18 -121
18 -122
18 -2
18 -27
18 -28
18 -29
18 -3
18 -30
18 -31
18 -32
18 -33
18 -34
18 -35
18 -36
18 -37
18 -4
18 -5
18 -6
18 -7
18 -8
18 -9
18 0
18 1
18 10
18 11
18 12
18 14
18 15
18 16
18 17
18 18
18 19
18 2
18 20
18 21
18 22
18 23
18 24
18 25
18 26
18 3
18 4
18 5
18 6
18 7
19 -1
19 -109
19 -110
19 -111
19 -112
19 -113
19 -114
19 -115
19 -116
19 -117
19 -118
19 -119
19 -120
19 -121
19 -122
19 -2
19 -28
19 -29
19 -3
19 -30
19 -31
19 -32
19 -33
19 -34
19 -35
19 -36
19 -4
19 -5
19 -6
19 0
19 1
19 10
19 11
19 12
19 14
19 15
19 16
19 17
19 18
19 19
19 2
19 20
19 21
19 22
19 23
19 24
19 25
19 26
19 3
19 4
19 5
19 6
19 7
2 -1
2 -10
2 -11
2 -12
2 -13
2 -14
2 -15
2 -16
2 -17
2 -18
2 -19
2 -2
2 -20
2 -21
2 -22
2 -23
2 -24
2 -3
2 -4
2 -5
2 -55
2 -56
2 -57
2 -58
2 -59
2 -6
2 -60
2 -61
2 -62
2 -63
2 -64
2 -65
2 -7
2 -8
2 -9
2 0
2 1
2 10
2 11
2 12
2 13
2 14
2 15
2 16
2 17
2 18
2 19
2 2
2 20
2 21
2 22
2 23
2 24
2 25
2 26
2 3
2 4
2 5
2 6
2 7
2 8
2 9
20 -1
20 -110
20 -111
20 -112
20 -113
20 -114
20 -115
20 -116
20 -117
20 -118
20 -119
20 -120
20 -121
20 -122
20 -2
20 -28
20 -29
20 -3
20 -30
20 -31
20 -32
20 -33
20 -34
20 -35
20 -36
20 -4
20 -5
20 -6
20 0
20 1
20 10
20 11
20 12
20 14
20 15
20 16
20 17
20 18
20 19
20 2
20 20
20 21
20 22
20 23
20 24
20 25
20 3
20 4
20 5
20 6
20 7
21 -1
21 -110
21 -111
21 -112
21 -113
21 -114
21 -115
21 -116
21 -117
21 -118
21 -119
21 -120
21 -121
21 -122
21 -2
21 -3
21 -30
21 -31
21 -32
21 -33
21 -34
21 -4
21 -5
21 -6
21 0
21 1
21 10
21 11
21 12
21 14
21 15
21 16
21 17
21 18
21 19
21 2
21 20
21 21
21 22
21 23
21 24
21 25
21 3
21 4
21 5
21 6
21 7
22 -1
22 -111
22 -112
22 -113
22 -114
22 -115
22 -116
22 -117
22 -118
22 -119
22 -120
22 -121
22 -2
22 -3
22 -4
22 -5
22 -6
22 0
22 1
22 10
22 11
22 12
22 14
22 15
22 16
22 17
22 18
22 19
22 2
22 20
22 21
22 22
22 23
22 24
22 3
22 4
22 5
22 6
22 7
23 -1
23 -112
23 -113
23 -114
23 -115
23 -116
23 -117
23 -118
23 -119
23 -120
23 -121
23 -2
23 -3
23 -4
23 -5
23 -6
23 0
23 1
23 10
23 11
23 12
23 14
23 15
23 16
23 17
23 18
23 19
23 2
23 20
23 21
23 22
23 23
23 24
23 3
23 4
23 5
23 6
23 7
24 -1
24 -112
24 -113
24 -114
24 -115
24 -116
24 -117
24 -118
24 -119
24 -120
24 -2
24 -3
24 -4
24 -5
24 -6
24 0
24 1
24 10
24 11
24 12
24 13
24 14
24 15
24 16
24 17
24 18
24 19
24 2
24 20
24 21
24 22
24 23
24 24
24 3
24 4
24 5
24 6
24 7
24 8
24 9
25 -1
25 -114
25 -115
25 -116
25 -117
25 -118
25 -2
25 -3
25 -4
25 -5
25 -6
25 0
25 1
25 10
25 11
25 12
25 13
25 14
25 15
25 16
25 17
25 18
25 19
25 2
25 20
25 21
25 22
25 23
25 24
25 3
25 4
25 5
25 6
25 7
25 8
25 9
26 -1
26 -2
26 -3
26 -4
26 -5
26 0
26 1
26 10
26 11
26 12
26 13
26 14
26 15
26 16
26 17
26 18
26 19
26 2
26 20
26 21
26 22
26 23
26 3
26 4
26 5
26 6
26 7
26 8
26 9
27 -1
27 -2
27 -3
27 -4
27 -5
27 0
27 1
27 10
27 11
27 12
27 13
27 14
27 15
27 16
27 17
27 18
27 19
27 2
27 20
27 21
27 22
27 23
27 3
27 4
27 5
27 6
27 7
27 8
27 9
28 -1
28 -2
28 -3
28 -4
28 0
28 1
28 10
28 11
28 12
28 13
28 14
28 15
28 16
28 17
28 18
28 19
28 2
28 20
28 21
28 22
28 23
28 24
28 3
28 4
28 5
28 6
28 7
28 8
28 9
29 -1
29 -2
29 -3
29 -4
29 0
29 1
29 10
29 11
29 12
29 13
29 14
29 15
29 16
29 17
29 18
29 19
29 2
29 20
29 21
29 22
29 23
29 24
29 3
29 4
29 5
29 6
29 7
29 8
29 9
3 -1
3 -10
3 -11
3 -12
3 -13
3 -14
3 -15
3 -16
3 -17
3 -18
3 -19
3 -2
3 -20
3 -21
3 -22
3 -23
3 -24
3 -3
3 -4
3 -5
3 -55
3 -56
3 -57
3 -58
3 -59
3 -6
3 -60
3 -61
3 -62
3 -63
3 -64
3 -65
3 -7
3 -8
3 -9
3 0
3 1
3 10
3 11
3 12
3 13
3 14
3 15
3 16
3 17
3 18
3 19
3 2
3 20
3 21
3 22
3 23
3 24
3 25
3 26
3 3
3 4
3 5
3 6
3 7
3 8
3 9
30 -1
30 -2
30 0
30 1
30 10
30 11
30 12
30 13
30 14
30 15
30 16
30 17
30 18
30 19
30 2
30 20
30 21
30 22
30 23
30 24
30 25
30 3
30 4
30 5
30 6
30 7
30 8
30 9
31 -1
31 0
31 1
31 10
31 11
31 12
31 13
31 14
31 15
31 16
31 17
31 18
31 19
31 2
31 20
31 21
31 22
31 23
31 24
31 25
31 3
31 4
31 5
31 6
31 7
31 8
31 9
32 -1
32 0
32 1
32 10
32 11
32 12
32 13
32 14
32 15
32 16
32 17
32 18
32 19
32 2
32 20
32 21
32 22
32 23
32 24
32 25
32 3
32 4
32 5
32 6
32 7
32 8
32 9
33 -1
33 0
33 1
33 10
33 11
33 12
33 13
33 14
33 15
33 16
33 17
33 18
33 19
33 2
33 20
33 21
33 22
33 23
33 24
33 25
33 3
33 4
33 5
33 6
33 7
33 8
33 9
34 -1
34 0
34 1
34 10
34 11
34 12
34 13
34 14
34 15
34 16
34 17
34 18
34 19
34 2
34 20
34 21
34 22
34 23
34 24
34 25
34 3
34 4
34 5
34 6
34 7
34 8
34 9
35 -1
35 0
35 1
35 10
35 11
35 12
35 13
35 14
35 15
35 16
35 17
35 18
35 19
35 2
35 20
35 21
35 22
35 23
35 24
35 3
35 4
35 5
35 6
35 7
35 8
35 9
36 -1
36 0
36 1
36 10
36 11
36 12
36 13
36 14
36 15
36 16
36 17
36 18
36 19
36 2
36 20
36 21
36 22
36 23
36 24
36 3
36 4
36 5
36 6
36 7
36 8
36 9
37 0
37 1
37 10
37 11
37 12
37 13
37 14
37 15
37 16
37 17
37 18
37 19
37 2
37 20
37 21
37 22
37 3
37 4
37 5
37 6
37 7
37 8
37 9
38 0
38 1
38 10
38 11
38 12
38 13
38 14
38 15
38 16
38 17
38 18
38 2
38 3
38 4
38 5
38 6
38 7
38 8
38 9
39 10
39 11
39 12
39 13
39 14
39 15
39 16
39 17
39 2
39 3
39 4
39 5
39 6
39 7
39 8
39 9
4 -1
4 -10
4 -11
4 -12
4 -13
4 -14
4 -15
4 -16
4 -17
4 -18
4 -19
4 -2
4 -20
4 -21
4 -22
4 -23
4 -24
4 -3
4 -4
4 -5
4 -55
4 -56
4 -57
4 -58
4 -59
4 -6
4 -60
4 -61
4 -62
4 -63
4 -64
4 -65
4 -7
4 -8
4 -9
4 0
4 1
4 10
4 11
4 12
4 13
4 14
4 15
4 16
4 17
4 18
4 19
4 2
4 20
4 21
4 22
4 23
4 24
4 25
4 26
4 3
4 4
4 5
4 6
4 7
4 8
4 9
40 10
40 11
40 12
40 13
40 14
40 15
40 4
40 5
40 6
40 7
40 8
40 9
5 -1
5 -10
5 -11
5 -12
5 -13
5 -14
5 -15
5 -16
5 -17
5 -18
5 -19
5 -2
5 -20
5 -21
5 -22
5 -23
5 -24
5 -3
5 -4
5 -5
5 -55
5 -56
5 -57
5 -58
5 -59
5 -6
5 -60
5 -61
5 -62
5 -63
5 -64
5 -65
5 -7
5 -8
5 -9
5 0
5 1
5 10
5 11
5 12
5 13
5 14
5 15
5 16
5 17
5 18
5 19
5 2
5 20
5 21
5 22
5 23
5 24
5 25
5 26
5 3
5 4
5 5
5 6
5 7
5 8
5 9
6 -1
6 -10
6 -11
6 -12
6 -13
6 -14
6 -15
6 -16
6 -17
6 -18
6 -19
6 -2
6 -20
6 -21
6 -22
6 -23
6 -24
6 -3
6 -4
6 -5
6 -55
6 -56
6 -57
6 -58
6 -59
6 -6
6 -60
6 -61
6 -62
6 -63
6 -64
6 -65
6 -7
6 -8
6 -9
6 0
6 1
6 10
6 11
6 12
6 13
6 14
6 15
6 16
6 17
6 18
6 19
6 2
6 20
6 21
6 22
6 23
6 24
6 25
6 26
6 3
6 4
6 5
6 6
6 7
6 8
6 9
7 -1
7 -10
7 -11
7 -12
7 -13
7 -14
7 -15
7 -16
7 -17
7 -18
7 -19
7 -2
7 -20
7 -21
7 -22
7 -23
7 -24
7 -3
7 -4
7 -5
7 -55
7 -56
7 -57
7 -58
7 -59
7 -6
7 -60
7 -61
7 -62
7 -63
7 -64
7 -65
7 -7
7 -8
7 -9
7 0
7 1
7 10
7 11
7 12
7 13
7 14
7 15
7 16
7 17
7 18
7 19
7 2
7 20
7 21
7 22
7 23
7 24
7 25
7 26
7 3
7 4
7 5
7 6
7 7
7 8
7 9
8 -1
8 -10
8 -11
8 -12
8 -13
8 -14
8 -15
8 -16
8 -17
8 -18
8 -19
8 -2
8 -20
8 -21
8 -22
8 -23
8 -24
8 -3
8 -4
8 -5
8 -55
8 -56
8 -57
8 -58
8 -59
8 -6
8 -60
8 -61
8 -62
8 -63
8 -64
8 -65
8 -7
8 -8
8 -9
8 0
8 1
8 10
8 11
8 12
8 13
8 14
8 15
8 16
8 17
8 18
8 19
8 2
8 20
8 21
8 22
8 23
8 24
8 25
8 26
8 3
8 4
8 5
8 6
8 7
8 8
8 9
9 -1
9 -10
9 -11
9 -12
9 -13
9 -14
9 -15
9 -16
9 -17
9 -18
9 -19
9 -2
9 -20
9 -21
9 -22
9 -23
9 -24
9 -3
9 -4
9 -5
9 -55
9 -56
9 -57
9 -58
9 -59
9 -6
9 -60
9 -61
9 -62
9 -63
9 -64
9 -65
9 -7
9 -8
9 -9
9 0
9 1
9 10
9 11
9 12
9 13
9 14
9 15
9 16
9 17
9 18
9 19
9 2
9 20
9 21
9 22
9 23
9 24
9 25
9 26
9 3
9 4
9 5
9 6
9 7
9 8
9 9
